propagation/SWALS/examples/merewether/topography/topography1.asc
ncols         321
nrows         416
xllcorner     382249.79174463
yllcorner     6354265.4322858
cellsize      0.99993681000029
NODATA_value  -9999
[rows 240 to 269 of 416, columns 201 to 267 of 321]
20.8031 20.8368 20.873 20.9092 20.9429 20.9791 21.0104 21.049 21.0852 21.1189 21.143 21.1551 21.1623 21.1575 21.1527 21.1503 21.1696 21.2371 21.2564 21.2684 21.2805 21.2901 21.3383 21.5408 21.7578 21.9097 21.8591 21.5047 21.2226 21.2708 21.3793 21.4757 21.5216 21.5625 21.6132 21.7 21.7409 21.7675 21.7916 21.8181 21.8567 21.9386 21.97 22.0037 22.0399 22.0833 22.1219 22.1605 22.2014 22.24 22.2834 22.322 22.3606 22.404 22.4425 22.4835 22.5245 22.5631 22.6041 22.645 22.6836 22.7246 22.7632 22.8018 22.8572 22.903 22.9368
20.8296 20.8658 20.8971 20.9333 20.9719 21.008 21.0394 21.0755 21.1117 21.1454 21.1647 21.1768 21.1864 21.184 21.1792 21.1816 21.2202 21.307 21.3528 21.3648 21.3769 21.3914 21.4492 21.671 21.8615 21.929 21.9483 21.8977 21.5794 21.5167 21.6228 21.712 21.7458 21.7747 21.8012 21.8277 21.8519 21.876 21.9001 21.9266 21.9579 22.0158 22.0664 22.0954 22.1267 22.1629 22.2038 22.2424 22.2834 22.3244 22.3654 22.404 22.4425 22.4859 22.5245 22.5631 22.6065 22.645 22.686 22.7246 22.7632 22.8018 22.8379 22.8789 22.9416 22.997 23.0404
20.8561 20.8923 20.9261 20.9622 20.9984 21.0321 21.0683 21.1045 21.1382 21.172 21.184 21.1985 21.2081 21.2105 21.2057 21.2081 21.2636 21.3576 21.442 21.4613 21.4733 21.4926 21.577 21.7916 21.9242 21.9435 21.9628 21.982 21.9676 21.7747 21.8036 21.8302 21.8591 21.8856 21.9121 21.9362 21.9603 21.9845 22.0086 22.0351 22.0592 22.0978 22.1653 22.1942 22.2231 22.2521 22.2858 22.3244 22.3654 22.4064 22.4449 22.4859 22.5269 22.5655 22.6065 22.645 22.686 22.727 22.7656 22.8066 22.8452 22.8789 22.9127 22.9585 23.0163 23.0766 23.1345
20.8851 20.9188 20.955 20.9911 21.0273 21.0611 21.0948 21.131 21.1647 21.1913 21.2057 21.2178 21.2322 21.2371 21.2322 21.2371 21.3094 21.401 21.4926 21.5553 21.5698 21.5939 21.7072 21.888 21.9386 21.9579 21.9796 22.0013 22.0062 21.8904 21.9169 21.9435 21.97 21.9941 22.0182 22.0423 22.0664 22.0929 22.1171 22.1412 22.1653 22.1966 22.2641 22.2931 22.3196 22.3485 22.3774 22.4064 22.4474 22.4859 22.5245 22.5679 22.6065 22.6475 22.6884 22.727 22.768 22.8066 22.8452 22.8861 22.9199 22.9561 22.9922 23.0332 23.0935 23.1538 23.214
20.914 20.9478 20.9815 21.0177 21.0538 21.09 21.1213 21.1575 21.1937 21.213 21.2274 21.2395 21.2539 21.2612 21.2588 21.266 21.3552 21.4468 21.5408 21.6276 21.6686 21.6927 21.8277 21.9338 21.9531 21.9748 22.0013 22.0254 22.052 22.0375 22.0616 22.0568 22.0785 22.1026 22.1267 22.1508 22.1749 22.2014 22.2255 22.2497 22.2738 22.3003 22.3413 22.3919 22.4184 22.4474 22.4763 22.5028 22.5341 22.5679 22.6065 22.6475 22.6884 22.7294 22.768 22.809 22.85 22.8886 22.9271 22.9609 22.997 23.0308 23.067 23.1104 23.1706 23.2309 23.2936
20.9502 20.9767 21.0104 21.0442 21.0804 21.1189 21.1503 21.1864 21.2178 21.2322 21.2467 21.2612 21.2756 21.2877 21.2853 21.3046 21.3986 21.4926 21.5866 21.6783 21.7554 21.7892 21.9169 21.9483 21.9748 22.0062 22.0399 22.0785 22.1219 22.1725 22.2014 22.1966 22.2183 22.2376 22.2352 22.2593 22.2834 22.3075 22.3316 22.3557 22.3823 22.4088 22.4353 22.4907 22.5173 22.5462 22.5727 22.6017 22.6282 22.6571 22.6884 22.7294 22.7704 22.8066 22.85 22.891 22.932 22.9705 23.0043 23.038 23.0718 23.1055 23.1417 23.1875 23.2478 23.3081 23.3683
20.996 21.0201 21.0418 21.0731 21.1069 21.143 21.1792 21.213 21.2371 21.2539 21.2684 21.2829 21.2949 21.3094 21.3118 21.3504 21.4444 21.5384 21.6325 21.7265 21.8157 21.8784 21.9531 21.9845 22.023 22.0688 22.1122 22.158 22.2038 22.2569 22.3051 22.3292 22.3509 22.3702 22.3726 22.3919 22.4015 22.416 22.4401 22.4642 22.4907 22.5173 22.5414 22.5896 22.6185 22.6475 22.674 22.7005 22.727 22.756 22.7849 22.8138 22.85 22.891 22.932 22.9705 23.0115 23.0429 23.079 23.1152 23.1489 23.1851 23.2189 23.2671 23.3273 23.3876 23.4479
21.0394 21.0635 21.0876 21.1093 21.1358 21.172 21.2033 21.2395 21.2588 21.2732 21.2877 21.3022 21.3166 21.3311 21.3383 21.3962 21.4902 21.5842 21.6783 21.7747 21.8711 21.9628 22.0134 22.0592 22.105 22.1508 22.1942 22.24 22.2858 22.3413 22.3943 22.4353 22.4546 22.4763 22.498 22.5173 22.5293 22.5462 22.5679 22.5727 22.5992 22.6234 22.6475 22.6788 22.7174 22.7463 22.7728 22.7993 22.8259 22.8548 22.8837 22.9103 22.9416 22.9729 23.0115 23.0525 23.0887 23.1224 23.1562 23.1899 23.2261 23.2598 23.2936 23.3418 23.4021 23.4648 23.5226
21.0852 21.1069 21.1334 21.1527 21.1768 21.2009 21.2347 21.266 21.2805 21.2949 21.3094 21.3214 21.3383 21.3504 21.3624 21.442 21.5384 21.6325 21.7313 21.835 21.9338 22.0327 22.0954 22.1388 22.187 22.2304 22.2762 22.322 22.3702 22.4281 22.4787 22.5293 22.5607 22.58 22.6017 22.6209 22.645 22.6619 22.6836 22.6957 22.7198 22.7415 22.7535 22.7825 22.8162 22.8452 22.8717 22.9006 22.9271 22.9536 22.9802 23.0091 23.038 23.0646 23.0935 23.1296 23.1634 23.1972 23.2357 23.2671 23.3032 23.3418 23.378 23.4262 23.4865 23.5467 23.6046
21.131 21.1503 21.1768 21.1985 21.2226 21.2467 21.2708 21.2901 21.307 21.3214 21.3359 21.3528 21.3697 21.389 21.4107 21.4999 21.5987 21.6976 21.8012 21.9001 22.0013 22.1002 22.1749 22.2207 22.2665 22.3123 22.3606 22.404 22.457 22.51 22.5631 22.6161 22.6619 22.6836 22.7053 22.727 22.7463 22.768 22.7897 22.809 22.8307 22.8524 22.8669 22.891 22.9151 22.9416 22.9729 23.0043 23.0308 23.0597 23.0911 23.12 23.1489 23.1803 23.2189 23.2647 23.3008 23.337 23.3732 23.4093 23.4407 23.4768 23.5154 23.566 23.6142 23.6625 23.7107
21.1792 21.2057 21.2347 21.2636 21.2925 21.3239 21.36 21.3745 21.3914 21.4058 21.4227 21.4396 21.4589 21.5023 21.5529 21.5891 21.6662 21.7651 21.8663 21.9676 22.0688 22.1677 22.2593 22.3027 22.3485 22.3943 22.4401 22.4859 22.539 22.5944 22.6475 22.7005 22.7535 22.7873 22.8114 22.8307 22.8524 22.8717 22.8934 22.9127 22.9368 22.9536 22.9778 22.997 23.0284 23.0573 23.0863 23.1176 23.1465 23.1779 23.2068 23.2381 23.2671 23.2984 23.3442 23.39 23.4382 23.4744 23.5106 23.5467 23.5805 23.6142 23.6576 23.7083 23.7589 23.8095 23.8578
21.2588 21.2901 21.3214 21.3504 21.3793 21.4107 21.4444 21.4589 21.4757 21.4926 21.5119 21.5481 21.5915 21.6373 21.6951 21.7578 21.7578 21.835 21.9314 22.0351 22.1339 22.2352 22.334 22.3847 22.4305 22.4763 22.5221 22.5703 22.6234 22.6788 22.7318 22.7849 22.8379 22.8861 22.9151 22.9344 22.9561 22.9778 22.997 23.0187 23.038 23.0597 23.0814 23.1007 23.1489 23.1755 23.2068 23.2357 23.2647 23.296 23.3273 23.3563 23.3852 23.4214 23.4696 23.5154 23.5636 23.6094 23.6456 23.6842 23.7203 23.7541 23.7999 23.8505 23.9011 23.9542 24.0024
21.3431 21.3769 21.4058 21.4372 21.4661 21.5119 21.5288 21.5457 21.565 21.5963 21.6373 21.6831 21.7265 21.7771 21.8398 21.9025 21.9386 21.9314 22.0037 22.1002 22.2014 22.3027 22.4015 22.4666 22.5124 22.5583 22.6041 22.6547 22.7077 22.7632 22.8162 22.8693 22.9223 22.9753 23.0163 23.0404 23.0597 23.0814 23.1007 23.1224 23.1417 23.1658 23.1851 23.2164 23.2671 23.2912 23.3225 23.3515 23.3828 23.4117 23.4431 23.4744 23.5009 23.5492 23.595 23.6432 23.689 23.7348 23.783 23.8192 23.8553 23.8939 23.9445 23.9952 24.0386 24.0771 24.1157
21.401 21.4565 21.4926 21.5216 21.5818 21.5987 21.618 21.6469 21.6879 21.7313 21.7747 21.8181 21.8615 21.9169 21.9796 22.0447 22.1074 22.1122 22.1026 22.1701 22.2689 22.3702 22.4691 22.5486 22.5944 22.6402 22.686 22.7391 22.7921 22.8476 22.9006 22.9536 23.0067 23.0597 23.1104 23.1441 23.1658 23.1851 23.2068 23.2261 23.2478 23.2695 23.2888 23.337 23.39 23.4093 23.4407 23.4696 23.4985 23.5299 23.5588 23.5877 23.6287 23.6745 23.7227 23.7685 23.8144 23.8626 23.9084 23.9542 23.9928 24.0289 24.0747 24.1157 24.1109 24.0771 24.0771
21.4565 21.5143 21.5698 21.6204 21.6662 21.6951 21.7385 21.7795 21.8229 21.8639 21.9073 21.9507 21.9989 22.0616 22.1243 22.1846 22.2497 22.2882 22.2834 22.2738 22.3364 22.4329 22.5366 22.6282 22.6764 22.7222 22.7704 22.8235 22.8765 22.9295 22.985 23.038 23.0887 23.1441 23.1972 23.243 23.2695 23.2912 23.3105 23.3322 23.3515 23.3732 23.4021 23.4551 23.5106 23.5492 23.5588 23.5877 23.6167 23.648 23.6769 23.7083 23.7517 23.7999 23.8433 23.8939 23.9421 23.9855 24.0313 24.0747 24.1157 24.1061 24.0916 24.0747 24.0169 24.0024 24.0386
21.5143 21.5722 21.6276 21.7337 21.7843 21.8277 21.8711 21.9121 21.9555 21.9989 22.0423 22.0857 22.1412 22.2038 22.2665 22.3292 22.3919 22.4546 22.4618 22.4546 22.4449 22.5052 22.6017 22.7029 22.756 22.8042 22.8548 22.9078 22.9609 23.0139 23.067 23.1224 23.173 23.2261 23.2791 23.3346 23.3732 23.3924 23.4165 23.4358 23.4575 23.4768 23.5226 23.5757 23.6287 23.6793 23.6793 23.7059 23.7348 23.7661 23.7975 23.8312 23.8794 23.9253 23.9735 24.0169 24.0675 24.1013 24.094 24.0796 24.0675 24.0554 24.0506 24.0313 24.0169 24.0386 24.0844
21.5722 21.6252 21.7217 21.8494 21.9169 21.9628 22.0037 22.0495 22.0929 22.1363 22.1773 22.2207 22.2834 22.3461 22.4088 22.4715 22.5341 22.5968 22.6378 22.633 22.6258 22.6161 22.674 22.7704 22.8379 22.8861 22.9392 22.9922 23.0453 23.0983 23.1513 23.2068 23.2574 23.3105 23.3635 23.4165 23.4696 23.4985 23.5202 23.5395 23.5612 23.5901 23.6432 23.6962 23.7493 23.8023 23.7999 23.824 23.8553 23.8843 23.9156 23.9566 24.0024 24.0506 24.0723 24.0723 24.0627 24.0482 24.0362 24.0362 24.0506 24.0627 24.0796 24.0844 24.0675 24.0964 24.123
21.63 21.6831 21.806 21.9386 22.0447 22.0954 22.1388 22.1822 22.2231 22.2665 22.3099 22.363 22.4257 22.4859 22.5486 22.6137 22.6764 22.7391 22.8042 22.8114 22.8042 22.7969 22.7897 22.8427 22.9175 22.9705 23.0236 23.0766 23.1272 23.1827 23.2381 23.2888 23.3418 23.3949 23.4479 23.5009 23.5564 23.5998 23.6239 23.6456 23.6673 23.7107 23.7637 23.8144 23.8674 23.9204 23.9156 23.9421 23.9735 24.0024 24.0337 24.0434 24.0458 24.041 24.0289 24.0145 24.0217 24.0362 24.0506 24.0651 24.0796 24.0916 24.1061 24.1181 24.1157 24.1398 24.1591
21.7 21.7699 21.8952 22.0254 22.1629 22.228 22.2738 22.3172 22.3606 22.4015 22.4449 22.5052 22.5679 22.6306 22.6933 22.756 22.8186 22.8813 22.9464 22.9874 22.985 22.9778 22.9681 22.9609 23.0019 23.0549 23.1079 23.161 23.2116 23.2671 23.3225 23.3732 23.4262 23.4792 23.5323 23.5853 23.6408 23.6914 23.7276 23.7517 23.7806 23.8288 23.8819 23.9349 23.9879 24.0265 24.0362 24.053 24.0265 24.0217 24.0217 24.0121 24.0048 24.0145 24.0241 24.0386 24.0506 24.0627 24.0771 24.094 24.1061 24.1181 24.1326 24.1471 24.1591 24.1736 24.188
21.7819 21.8567 21.982 22.1146 22.2497 22.3533 22.4064 22.4498 22.4932 22.5366 22.5872 22.6475 22.7077 22.7704 22.8355 22.8982 22.9609 23.026 23.0887 23.1513 23.1634 23.1562 23.1465 23.1393 23.1176 23.1562 23.2068 23.2598 23.3105 23.3611 23.4117 23.4599 23.513 23.5636 23.6167 23.6697 23.7251 23.7782 23.8264 23.8529 23.8963 23.9494 23.9807 23.9976 24.0096 24.0169 24.0241 24.0121 23.9928 23.9928 24.0024 24.0145 24.0241 24.0386 24.0506 24.0651 24.0771 24.0916 24.1037 24.1181 24.1326 24.1447 24.1591 24.1688 24.1712 24.1808 24.1929
21.8808 21.929 22.0664 22.2038 22.3364 22.4715 22.539 22.5824 22.6282 22.6716 22.727 22.7873 22.85 22.9127 22.9778 23.0404 23.1031 23.1658 23.2309 23.2936 23.337 23.337 23.3273 23.3056 23.255 23.2839 23.3346 23.3852 23.4334 23.4816 23.5299 23.5781 23.6263 23.6745 23.7251 23.7758 23.8264 23.8746 23.9228 23.9397 23.9542 23.9711 23.9759 23.9759 23.9759 23.9759 23.9831 23.9928 24 24.0121 24.0241 24.0386 24.0482 24.0627 24.0771 24.0916 24.1037 24.1157 24.1302 24.1447 24.1567 24.1688 24.1832 24.1856 24.1856 24.1856 24.2001
21.9796 22.011 22.1363 22.2882 22.4257 22.5607 22.6643 22.7198 22.7608 22.809 22.8693 22.9295 22.9922 23.0549 23.12 23.1851 23.2478 23.3105 23.3707 23.4358 23.4985 23.513 23.5033 23.4382 23.3852 23.4117 23.4624 23.5178 23.5684 23.6191 23.6673 23.7155 23.7613 23.8095 23.8578 23.8963 23.9156 23.9301 23.9445 23.947 23.947 23.947 23.9494 23.9614 23.9711 23.9831 23.9976 24.0096 24.0217 24.0362 24.0482 24.0627 24.0747 24.0892 24.1013 24.1157 24.1302 24.1422 24.1543 24.1663 24.1808 24.1929 24.1977 24.1953 24.1953 24.1953 24.2073
22.0785 22.1122 22.2087 22.3581 22.51 22.6475 22.7825 22.8524 22.8958 22.9488 23.0091 23.0742 23.1369 23.1996 23.2622 23.3273 23.39 23.4503 23.513 23.5781 23.6408 23.6842 23.6528 23.5612 23.5154 23.5419 23.5877 23.6432 23.701 23.7541 23.8023 23.8505 23.8819 23.9036 23.9204 23.9253 23.9253 23.9228 23.9253 23.9325 23.9421 23.9518 23.9638 23.9783 23.9928 24.0072 24.0217 24.0362 24.0458 24.0603 24.0747 24.0892 24.1013 24.1133 24.1278 24.1422 24.1543 24.1663 24.1808 24.1929 24.2049 24.2073 24.2097 24.2097 24.2073 24.2073 24.2146
22.1773 22.2111 22.2786 22.4232 22.5848 22.7343 22.8693 22.9753 23.0332 23.0911 23.1513 23.2164 23.2791 23.3418 23.4238 23.5058 23.5684 23.6191 23.6697 23.7203 23.7685 23.8144 23.7589 23.6793 23.648 23.6745 23.7155 23.7661 23.824 23.8626 23.8819 23.9084 23.9156 23.9084 23.9011 23.8987 23.9084 23.918 23.9301 23.9445 23.959 23.9735 23.9879 24.0048 24.0169 24.0313 24.0458 24.0603 24.0723 24.0844 24.0988 24.1133 24.1278 24.1374 24.1519 24.1663 24.1808 24.1905 24.2049 24.217 24.2194 24.2194 24.2218 24.2218 24.2218 24.2218 24.2218
22.2786 22.3099 22.3533 22.4835 22.6475 22.8283 22.9705 23.1152 23.2044 23.2671 23.3322 23.3973 23.4551 23.5154 23.6456 23.7637 23.7975 23.8071 23.8168 23.824 23.8336 23.8505 23.8409 23.7951 23.7758 23.8071 23.8385 23.8529 23.8722 23.8674 23.8505 23.8529 23.865 23.8794 23.8915 23.9011 23.918 23.9349 23.9518 23.9687 23.9831 23.9976 24.0121 24.0289 24.0434 24.0554 24.0699 24.0844 24.0988 24.1085 24.123 24.1374 24.1519 24.1639 24.176 24.188 24.2025 24.217 24.229 24.2314 24.2314 24.2314 24.2339 24.2339 24.2314 24.2314 24.2314
22.375 22.4088 22.4425 22.5534 22.7101 22.9344 23.243 23.5564 23.7059 23.7372 23.7493 23.7589 23.7685 23.7782 23.7878 23.7975 23.8071 23.8168 23.824 23.8336 23.8433 23.8626 23.8843 23.8746 23.8698 23.8867 23.877 23.8457 23.8168 23.8047 23.7999 23.8095 23.8385 23.8794 23.906 23.9228 23.9421 23.959 23.9759 23.9928 24.0096 24.0241 24.0386 24.053 24.0699 24.082 24.0964 24.1085 24.123 24.135 24.1471 24.1615 24.1736 24.188 24.2001 24.2146 24.229 24.2411 24.2459 24.2459 24.2459 24.2459 24.2459 24.2459 24.2459 24.2459 24.2459
22.4763 22.51 22.5414 22.6282 22.7728 23.1755 23.5829 23.6842 23.6962 23.7179 23.7324 23.7468 23.7613 23.7734 23.7854 23.7975 23.8071 23.8192 23.8264 23.8361 23.8481 23.8674 23.8819 23.8891 23.8843 23.8626 23.8216 23.8023 23.7975 23.8023 23.8168 23.8336 23.8578 23.8963 23.9277 23.9494 23.9638 23.9807 23.9976 24.0145 24.0313 24.0458 24.0627 24.0796 24.094 24.1061 24.1205 24.135 24.1471 24.1591 24.1736 24.1856 24.2001 24.2122 24.2266 24.2411 24.2531 24.2556 24.2556 24.2556 24.2556 24.2556 24.258 24.258 24.2556 24.2556 24.2556
22.5751 22.6089 22.6402 22.7029 22.8596 23.243 23.5226 23.6142 23.6504 23.689 23.7107 23.7251 23.7372 23.7493 23.7637 23.7758 23.7878 23.8023 23.8071 23.8192 23.8361 23.8553 23.8698 23.8819 23.8602 23.8168 23.8047 23.8168 23.8312 23.8481 23.865 23.8794 23.8939 23.918 23.9494 23.9711 23.9879 24.0048 24.0217 24.0386 24.0554 24.0699 24.0868 24.1037 24.1181 24.1326 24.1447 24.1591 24.1712 24.1856 24.1977 24.2122 24.2242 24.2387 24.2507 24.2652 24.27 24.27 24.27 24.27 24.2676 24.2676 24.2676 24.2676 24.2676 24.2676 24.2676
22.7053 22.7077 22.7415 22.7777 22.9995 23.2309 23.4214 23.5492 23.6022 23.648 23.6842 23.7035 23.7155 23.7276 23.7396 23.7444 23.7541 23.7613 23.7637 23.7758 23.7975 23.8168 23.8312 23.8457 23.8336 23.8192 23.8288 23.8481 23.8674 23.8867 23.9036 23.9204 23.9373 23.9518 23.9759 23.9952 24.0096 24.0289 24.0434 24.0603 24.0771 24.094 24.1109 24.1254 24.1422 24.1567 24.1712 24.1832 24.1953 24.2097 24.2242 24.2387 24.2507 24.2628 24.2773 24.2821 24.2797 24.2797 24.2797 24.2797 24.2797 24.2797 24.2773 24.2773 24.2773 24.2773 24.2773
22.8066 22.8042 22.8379 22.8741 22.9657 23.1345 23.3249 23.4816 23.554 23.6022 23.6528 23.6769 23.6866 23.6914 23.6914 23.6818 23.6818 23.6962 23.7155 23.7348 23.7517 23.771 23.7902 23.8095 23.824 23.8385 23.8553 23.8746 23.8915 23.9108 23.9277 23.947 23.9638 23.9807 23.9928 24.0024 24.0169 24.0337 24.0506 24.0651 24.0796 24.0988 24.1133 24.1302 24.1422 24.1519 24.1639 24.1784 24.188 24.2025 24.2146 24.229 24.2411 24.2531 24.2628 24.27 24.2748 24.2748 24.2748 24.2748 24.2748 24.2748 24.2748 24.2773 24.2797 24.2821 24.2869
