propagation/SWALS/examples/merewether/topography/topography1.asc
ncols         321
nrows         416
xllcorner     382249.79174463
yllcorner     6354265.4322858
cellsize      0.99993681000029
NODATA_value  -9999
[rows 30 to 59 of 416, columns 201 to 267 of 321]
24.2339 24.0651 23.8963 23.7251 23.5564 23.39 23.2285 23.0694 22.9078 22.7511 22.6161 22.498 22.3823 22.2665 22.1532 22.0616 21.9869 21.9145 21.8398 21.7675 21.7024 21.6445 21.5842 21.524 21.4661 21.4082 21.348 21.2925 21.2347 21.1768 21.1213 21.0707 21.0177 20.9646 20.9164 20.873 20.8393 20.8031 20.7669 20.7067 20.4511 19.9062 19.7134 19.7037 19.6917 19.6603 19.6362 19.6483 19.641 19.6193 19.5808 19.5398 19.4964 19.4554 19.412 19.3517 19.2842 19.2143 19.1492 19.0817 19.0142 18.8888 18.5151 18.2596 18.0715 17.8786 17.7219
24.1688 23.9928 23.8144 23.6384 23.4624 23.2912 23.1321 22.9705 22.809 22.6523 22.5197 22.4088 22.2979 22.187 22.0785 21.9917 21.9218 21.847 21.7771 21.7048 21.6421 21.5842 21.524 21.4637 21.4058 21.348 21.2901 21.2347 21.1768 21.1213 21.0659 21.0128 20.9598 20.9068 20.8537 20.8103 20.779 20.7428 20.7091 20.5716 19.9569 19.7592 19.7519 19.7351 19.7013 19.6675 19.6555 19.67 19.67 19.6458 19.6073 19.5639 19.5205 19.4626 19.3975 19.33 19.2649 19.195 19.1275 19.0624 18.9925 18.884 18.573 18.3753 18.1776 17.9148 17.6689
24.1037 23.9204 23.7348 23.5492 23.3659 23.1947 23.0332 22.8717 22.7101 22.5534 22.4232 22.3196 22.2111 22.1074 22.0062 21.9218 21.8519 21.7819 21.712 21.6445 21.5818 21.5216 21.4637 21.4034 21.3456 21.2877 21.2298 21.1768 21.1213 21.0635 21.008 20.955 20.9019 20.8465 20.7935 20.7501 20.7163 20.6825 20.6319 20.4029 19.805 19.7977 19.776 19.7447 19.7061 19.6748 19.6772 19.6965 19.6989 19.67 19.629 19.5783 19.5132 19.4457 19.3758 19.3083 19.2432 19.1757 19.1082 19.0407 18.9732 18.8864 18.6646 18.3897 18.0836 17.7942 17.6327
24.0386 23.8481 23.6576 23.4648 23.2719 23.0983 22.9344 22.7728 22.6137 22.4546 22.3268 22.228 22.1267 22.0279 21.9314 21.8494 21.7843 21.7168 21.6469 21.5818 21.5191 21.4613 21.401 21.3431 21.2829 21.2274 21.172 21.1165 21.0635 21.008 20.9526 20.8971 20.8417 20.7862 20.7308 20.6898 20.656 20.6126 20.439 20.0244 19.8435 19.8194 19.7833 19.7471 19.7085 19.6844 19.7013 19.7182 19.7254 19.6892 19.6241 19.5591 19.4915 19.424 19.3565 19.2866 19.2167 19.1492 19.0793 19.0118 18.9394 18.843 18.5706 18.262 17.9534 17.6882 17.6086
23.9759 23.7758 23.5781 23.3756 23.1779 22.9995 22.8379 22.6764 22.5149 22.3581 22.2328 22.1363 22.0447 21.9507 21.8567 21.7795 21.7144 21.6493 21.5842 21.5216 21.4589 21.3986 21.3407 21.2805 21.2226 21.1647 21.1117 21.0562 21.0032 20.9502 20.8947 20.8393 20.7814 20.7259 20.6705 20.6271 20.5861 20.439 20.0678 19.8894 19.8604 19.8243 19.7857 19.7519 19.7134 19.7037 19.723 19.7351 19.6989 19.5735 19.5157 19.4578 19.4023 19.3445 19.2914 19.236 19.1757 19.1034 19.0335 18.9611 18.8816 18.7273 18.4428 18.1318 17.8376 17.6665 17.6207
23.8963 23.6938 23.4913 23.2888 23.0863 22.9054 22.7463 22.5848 22.4281 22.2689 22.1484 22.0592 21.9676 21.8784 21.7916 21.7144 21.6517 21.5866 21.524 21.4589 21.3962 21.3359 21.278 21.2178 21.1575 21.1021 21.049 20.9936 20.9405 20.8875 20.832 20.7766 20.7211 20.6657 20.6102 20.562 20.4342 20.1063 19.9327 19.9038 19.8677 19.8291 19.7905 19.7543 19.7206 19.7254 19.7423 19.7302 19.5928 19.3831 19.3204 19.2625 19.2046 19.1492 19.0889 19.0311 18.9732 18.9177 18.8599 18.7996 18.7056 18.5682 18.3078 18.0088 17.7388 17.6761 17.6279
23.8047 23.6022 23.3997 23.1947 22.9922 22.8162 22.6571 22.5028 22.3461 22.1918 22.0737 21.9845 21.9001 21.8157 21.7289 21.6542 21.5891 21.5264 21.4613 21.3962 21.3335 21.2756 21.213 21.1551 21.0924 21.037 20.9839 20.9285 20.8754 20.82 20.7669 20.7139 20.6584 20.6054 20.5475 20.4318 20.1449 19.9737 19.9472 19.9062 19.8701 19.8339 19.7953 19.7567 19.7302 19.7471 19.7519 19.6844 19.4795 19.2432 19.1106 19.0552 18.9973 18.9394 18.884 18.8261 18.7683 18.708 18.6453 18.5199 18.3946 18.2692 18.1342 17.8907 17.7292 17.6809 17.6279
23.7107 23.5082 23.3056 23.1031 22.903 22.7246 22.5727 22.4184 22.2641 22.1146 21.9965 21.9121 21.8326 21.7506 21.6662 21.5915 21.5288 21.4637 21.3986 21.3311 21.2708 21.2105 21.1503 21.09 21.0321 20.9719 20.9188 20.8634 20.8103 20.7549 20.7018 20.6488 20.5958 20.5451 20.48 20.1811 20.0171 19.9858 19.9496 19.911 19.8725 19.8363 19.7977 19.7616 19.7519 19.764 19.7109 19.6049 19.3662 19.1227 18.9153 18.8478 18.7876 18.7321 18.6742 18.6164 18.5561 18.4621 18.3367 18.2113 18.0908 17.9727 17.8593 17.7774 17.7219 17.6689 17.6134
23.6167 23.4141 23.214 23.0115 22.8114 22.633 22.4859 22.334 22.1846 22.0351 21.9194 21.8422 21.7626 21.6831 21.6035 21.5336 21.4661 21.401 21.3359 21.2708 21.2081 21.1479 21.0876 21.0249 20.967 20.9092 20.8537 20.7983 20.7452 20.6898 20.6367 20.5837 20.5355 20.4824 20.3836 20.0629 20.0268 19.9882 19.952 19.9159 19.8749 19.8387 19.8001 19.7664 19.7712 19.7302 19.6579 19.4964 19.2553 19.0094 18.7707 18.6405 18.5826 18.5248 18.4669 18.3994 18.2764 18.1535 18.0329 17.9317 17.8859 17.8352 17.7894 17.7316 17.6785 17.6351 17.5821
23.5226 23.3225 23.12 22.9223 22.7198 22.5462 22.3991 22.2521 22.105 21.9603 21.8494 21.7723 21.6976 21.6228 21.5457 21.4757 21.4082 21.3431 21.278 21.2105 21.1479 21.0852 21.0249 20.9622 20.9044 20.8441 20.791 20.7356 20.6801 20.6247 20.5716 20.521 20.4366 20.2703 20.1907 19.9689 19.9327 19.9352 19.9376 19.9183 19.8797 19.8435 19.805 19.7784 19.7447 19.6796 19.5687 19.3855 19.1444 18.9009 18.6574 18.4524 18.3729 18.3174 18.2162 18.0932 18.0402 17.9919 17.9437 17.8907 17.8449 17.7991 17.7509 17.6255 17.5604 17.5483 17.5194
23.431 23.2333 23.0356 22.8379 22.6426 22.4715 22.3316 22.1942 22.0544 21.9169 21.8085 21.7313 21.6566 21.5818 21.5047 21.4348 21.3648 21.2949 21.2274 21.1599 21.0924 21.0297 20.967 20.9019 20.8393 20.779 20.7235 20.6681 20.6126 20.5572 20.5041 20.427 20.2462 20.1063 20.0702 19.9352 19.7375 19.7302 19.7543 19.764 19.7712 19.776 19.7881 19.6965 19.5301 19.3517 19.2649 19.1564 18.9419 18.72 18.5055 18.2933 18.2138 18.1607 18.0956 18.0329 17.9702 17.9076 17.8425 17.7798 17.7147 17.7002 17.6761 17.6496 17.6231 17.5917 17.5628
23.3418 23.1513 22.9585 22.768 22.5775 22.416 22.2858 22.158 22.0303 21.9001 21.7964 21.7168 21.6397 21.5577 21.4806 21.4034 21.3311 21.2588 21.1864 21.1117 21.0418 20.9767 20.9116 20.8441 20.7766 20.7139 20.6584 20.603 20.5475 20.468 20.345 20.251 20.1184 20.0822 20.0509 19.9906 19.6965 19.4915 19.4843 19.506 19.5325 19.5566 19.4795 19.2987 19.0937 18.884 18.9226 18.8985 18.6911 18.4765 18.2909 18.2475 18.2113 18.1704 18.1294 18.0811 18.0209 17.9606 17.9003 17.8449 17.7822 17.7509 17.7243 17.6954 17.6665 17.6351 17.6062
23.255 23.0694 22.8837 22.6981 22.5149 22.3606 22.2424 22.1195 22.0013 21.8832 21.7819 21.7 21.618 21.5384 21.4565 21.3769 21.2973 21.2226 21.1454 21.0683 20.9936 20.9236 20.8537 20.7838 20.7139 20.6488 20.5933 20.521 20.4125 20.3209 20.1883 20.1304 20.0943 20.0605 20.0292 19.9954 19.764 19.4578 19.2456 19.2336 19.2577 19.1829 19.0045 18.7996 18.6357 18.5248 18.585 18.6357 18.4331 18.3126 18.2716 18.2596 18.2258 18.1848 18.1438 18.1028 18.0619 18.0112 17.9558 17.8931 17.8352 17.8015 17.775 17.7412 17.705 17.6713 17.6351
23.1682 22.9874 22.8066 22.6258 22.4498 22.3027 22.1918 22.0833 21.9748 21.8663 21.7699 21.6831 21.6011 21.5167 21.4299 21.348 21.266 21.1864 21.1045 21.0249 20.9453 20.8706 20.7983 20.7259 20.6512 20.5861 20.5162 20.3956 20.2679 20.1955 20.1425 20.1063 20.075 20.0412 19.94 19.817 19.6241 19.3855 19.1516 18.9949 18.9177 18.8213 18.7104 18.6019 18.5103 18.4356 18.3488 18.3729 18.3295 18.303 18.2885 18.2764 18.2379 18.1993 18.1559 18.1149 18.0715 18.0329 17.9895 17.9437 17.8835 17.8449 17.8111 17.7677 17.705 17.6544 17.5941
23.079 22.9054 22.7318 22.5583 22.3847 22.2497 22.146 22.0471 21.9507 21.8519 21.7578 21.6686 21.5818 21.495 21.4082 21.3214 21.2371 21.1551 21.0683 20.9839 20.9019 20.8248 20.7501 20.6729 20.5861 20.4849 20.4005 20.2823 20.21 20.1546 20.1184 20.022 19.911 19.7929 19.6121 19.4216 19.2456 19.0962 18.9563 18.8406 18.8068 18.7369 18.6622 18.5874 18.5103 18.4356 18.2981 18.3512 18.3319 18.3174 18.3078 18.2909 18.2523 18.2089 18.1704 18.127 18.086 18.0426 18.004 17.9534 17.8907 17.8256 17.7677 17.7002 17.6351 17.5966 17.5459
23.026 22.8596 22.6957 22.5293 22.3654 22.2328 22.1339 22.0375 21.9386 21.8422 21.7506 21.6614 21.5722 21.483 21.3962 21.307 21.2226 21.1358 21.049 20.9622 20.8778 20.8007 20.7211 20.6247 20.4921 20.3691 20.292 20.2196 20.1136 20.0075 19.9569 19.8146 19.5928 19.4072 19.2625 19.1299 18.9949 18.8719 18.7731 18.7562 18.7683 18.7586 18.6863 18.6116 18.5368 18.4211 18.3536 18.3946 18.3729 18.3415 18.3222 18.303 18.2644 18.2234 18.1848 18.1414 18.0763 18.0112 17.9461 17.8786 17.8184 17.7557 17.7436 17.6351 17.5676 17.5218 17.4881
23.0115 22.8524 22.6981 22.5414 22.3871 22.2545 22.1508 22.0495 21.9459 21.8422 21.7458 21.6566 21.5674 21.4782 21.3914 21.3022 21.2154 21.1286 21.0394 20.9526 20.8706 20.7886 20.6874 20.5041 20.3523 20.2413 20.128 20.0075 19.8411 19.6941 19.641 19.5663 19.3541 19.195 19.0913 18.9973 18.8816 18.7779 18.7128 18.6983 18.7104 18.7273 18.7104 18.6429 18.5657 18.4645 18.4283 18.4404 18.4139 18.3801 18.3488 18.3198 18.262 18.1969 18.1318 18.0691 18.0016 17.9341 17.869 17.8039 17.7436 17.6954 17.6833 17.5821 17.5001 17.4447 17.4181
22.997 22.85 22.7029 22.5558 22.4088 22.2786 22.1677 22.0616 21.9531 21.8422 21.7434 21.6517 21.565 21.4757 21.3865 21.2973 21.2105 21.1213 21.0321 20.9453 20.861 20.7573 20.5668 20.3113 20.1931 20.0027 19.8387 19.6917 19.5422 19.4433 19.3806 19.318 19.1395 19.0431 18.9804 18.9153 18.8213 18.7466 18.7152 18.7056 18.7056 18.6839 18.6839 18.6646 18.5947 18.5344 18.5055 18.4862 18.438 18.3777 18.3126 18.2716 18.1945 18.1245 18.057 17.9919 17.9244 17.8593 17.7918 17.7316 17.6689 17.6351 17.6303 17.6255 17.476 17.4061 17.4013
22.9826 22.8427 22.7053 22.5655 22.4281 22.3027 22.1846 22.0712 21.9579 21.8446 21.7409 21.6493 21.5601 21.4709 21.3793 21.2901 21.2033 21.1141 21.0249 20.9381 20.832 20.6464 20.3643 20.1642 19.993 19.7809 19.629 19.5181 19.3951 19.3083 19.2191 19.1444 19.0383 18.9901 18.9515 18.8864 18.7924 18.7225 18.6839 18.6742 18.6718 18.6574 18.6525 18.6501 18.614 18.5561 18.4958 18.4356 18.3729 18.3054 18.233 18.1945 18.1583 18.0546 17.9799 17.9124 17.8473 17.7798 17.7195 17.6641 17.6086 17.5917 17.6351 17.6207 17.5917 17.5604 17.4953
22.9681 22.8379 22.7101 22.58 22.4498 22.3244 22.2038 22.0833 21.9628 21.8446 21.7361 21.6445 21.5553 21.4661 21.3769 21.2877 21.1985 21.1093 21.0225 20.914 20.7284 20.4511 20.1642 19.9882 19.7905 19.6362 19.4988 19.3927 19.3035 19.2336 19.1685 19.1227 19.0769 19.0335 18.9684 18.8719 18.7683 18.6911 18.6429 18.6164 18.6091 18.6067 18.5995 18.5971 18.5778 18.4958 18.4211 18.3536 18.2861 18.2186 18.1559 18.1197 18.0884 18.0498 17.9172 17.8352 17.7677 17.7099 17.746 17.7629 17.7412 17.7147 17.6858 17.6568 17.6303 17.599 17.5556
22.9536 22.8283 22.7029 22.5775 22.4546 22.3292 22.2087 22.0881 21.9652 21.8446 21.7385 21.6469 21.5577 21.4709 21.3817 21.2925 21.2057 21.1165 21.0297 20.8248 20.5355 20.2462 19.9834 19.8146 19.6892 19.5687 19.453 19.3589 19.3011 19.2505 19.2022 19.1588 19.113 19.0503 18.9539 18.8502 18.7466 18.6622 18.6091 18.5657 18.5489 18.544 18.5392 18.5248 18.5079 18.4139 18.3343 18.2644 18.1993 18.1342 18.0811 18.045 18.0112 17.9799 17.9437 17.9148 17.8859 17.8521 17.8208 17.8015 17.775 17.7509 17.7243 17.6978 17.6713 17.6399 17.5966
22.9344 22.8114 22.6884 22.5655 22.4449 22.3244 22.2038 22.0857 21.9676 21.847 21.7409 21.6517 21.5625 21.4757 21.3914 21.3046 21.2178 21.131 21.0177 20.6512 20.333 20.0678 19.8725 19.7688 19.6868 19.6024 19.5132 19.424 19.3589 19.2987 19.2456 19.1974 19.1323 19.0383 18.9322 18.8285 18.7225 18.6333 18.5754 18.5272 18.491 18.4814 18.479 18.4524 18.4331 18.3295 18.2451 18.1776 18.1125 18.0474 18.0064 18.0474 18.0353 18.0016 17.9654 17.9341 17.9052 17.8714 17.8376 17.8159 17.775 17.7653 17.7557 17.734 17.7099 17.6809 17.6375
22.9127 22.7945 22.674 22.5558 22.4353 22.3172 22.199 22.0833 21.9652 21.8494 21.7434 21.6566 21.5698 21.4854 21.3986 21.3142 21.2298 21.1189 20.8585 20.4559 20.1521 19.9689 19.8677 19.7953 19.723 19.6483 19.5663 19.4867 19.4144 19.3397 19.2649 19.1902 19.1058 19.0142 18.9105 18.8044 18.6983 18.6043 18.544 18.4934 18.4476 18.4235 18.4042 18.3777 18.3608 18.3271 18.1848 18.1848 18.1752 18.1366 18.1053 18.0811 18.0474 18.0112 17.9775 17.9461 17.9196 17.8907 17.8593 17.8304 17.775 17.7412 17.7364 17.7436 17.7364 17.7171 17.6761
22.8934 22.7777 22.6595 22.5414 22.4257 22.3075 22.1918 22.0785 21.9652 21.8494 21.7482 21.659 21.5746 21.4926 21.4107 21.3263 21.2178 20.9622 20.5548 20.251 20.0509 19.9544 19.8749 19.8026 19.7302 19.6531 19.5735 19.4915 19.4072 19.3155 19.2191 19.1227 19.0335 18.9515 18.8671 18.7779 18.6767 18.5754 18.5127 18.4621 18.4139 18.3705 18.3295 18.3078 18.303 18.2981 18.2692 18.2644 18.2186 18.1559 18.127 18.0956 18.0595 18.0233 17.9895 17.9606 17.9317 17.9052 17.8762 17.8473 17.7822 17.7267 17.7075 17.7123 17.7171 17.7267 17.6954
22.8717 22.7584 22.645 22.5293 22.4136 22.3003 22.187 22.0737 21.9628 21.8519 21.7506 21.6638 21.5794 21.4999 21.4179 21.3118 21.0635 20.6512 20.3595 20.157 20.0292 19.9496 19.8677 19.7881 19.7061 19.6121 19.5205 19.4265 19.3324 19.236 19.1395 19.0431 18.9467 18.8575 18.7851 18.7128 18.6308 18.5465 18.4814 18.4717 18.4669 18.438 18.3729 18.303 18.2837 18.2837 18.2837 18.2885 18.2403 18.1583 18.1245 18.1028 18.0715 18.0329 18.0016 17.9751 17.9461 17.9172 17.8883 17.8593 17.7942 17.7195 17.6833 17.6833 17.6978 17.7171 17.7099
22.8403 22.7294 22.6161 22.5028 22.3919 22.2786 22.1701 22.0616 21.9531 21.8446 21.7458 21.659 21.5794 21.4999 21.3986 21.1623 20.7476 20.4607 20.2534 20.0991 20.0027 19.9135 19.8218 19.7278 19.6338 19.5374 19.4433 19.3493 19.2529 19.1564 19.06 18.9611 18.8647 18.7659 18.6863 18.6188 18.5995 18.5537 18.532 18.5272 18.5103 18.4645 18.4114 18.3126 18.2764 18.2764 18.2764 18.274 18.2427 18.1679 18.127 18.1101 18.0787 18.0474 18.0161 17.9871 17.9606 17.9317 17.9003 17.869 17.8111 17.7316 17.6761 17.6833 17.7075 17.7171 17.7075
22.7969 22.686 22.5751 22.4642 22.3533 22.2448 22.1412 22.0375 21.9338 21.8302 21.7337 21.6517 21.5722 21.4757 21.2443 20.8465 20.5524 20.3281 20.1473 20.0316 19.9376 19.8435 19.7519 19.6555 19.5591 19.4626 19.3662 19.2697 19.1757 19.0793 18.9804 18.8816 18.8044 18.761 18.7056 18.6525 18.6405 18.5971 18.5657 18.5416 18.5127 18.4573 18.4114 18.3584 18.2909 18.2692 18.2692 18.2547 18.2234 18.1728 18.1342 18.1101 18.0884 18.0595 18.0281 17.9992 17.9678 17.9365 17.9076 17.8762 17.8376 17.7725 17.7002 17.6954 17.7195 17.7171 17.7026
22.7511 22.6426 22.5341 22.4257 22.3172 22.2111 22.1098 22.0134 21.9145 21.8157 21.7241 21.6421 21.5481 21.3166 20.9019 20.5982 20.3764 20.1811 20.0557 19.9617 19.8677 19.7736 19.6796 19.5832 19.4867 19.3903 19.2938 19.1998 19.101 19.0479 18.978 18.884 18.8165 18.79 18.7514 18.6815 18.6333 18.5947 18.5585 18.5272 18.4982 18.4452 18.3994 18.3632 18.3198 18.2764 18.2596 18.2354 18.2017 18.1655 18.1366 18.1149 18.0932 18.0667 18.0353 18.004 17.9727 17.9413 17.91 17.8786 17.8425 17.787 17.7171 17.7075 17.7195 17.7123 17.6978
22.7053 22.5992 22.4932 22.3871 22.281 22.1773 22.0809 21.9869 21.8952 21.8012 21.7144 21.618 21.3865 20.9526 20.644 20.4246 20.2148 20.0846 19.9882 19.8918 19.7977 19.7013 19.6073 19.5108 19.4216 19.3397 19.2312 19.1347 19.0431 19.0431 18.9611 18.8743 18.8141 18.7538 18.6983 18.6453 18.6067 18.5778 18.5489 18.5199 18.491 18.438 18.3922 18.356 18.3222 18.2837 18.2644 18.2451 18.221 18.1824 18.1414 18.1149 18.0956 18.0715 18.0426 18.0112 17.9799 17.9485 17.9124 17.8762 17.8376 17.7967 17.734 17.7195 17.7195 17.705 17.6906
22.6619 22.5583 22.4522 22.3461 22.2424 22.1436 22.0495 21.9628 21.876 21.7868 21.6879 21.454 21.0008 20.6777 20.4704 20.263 20.1184 20.0147 19.9207 19.8243 19.7254 19.6555 19.5808 19.4819 19.3903 19.2914 19.1757 19.0865 19.019 18.9949 18.9105 18.8285 18.7659 18.7008 18.6405 18.614 18.5947 18.5682 18.5392 18.5127 18.4862 18.4404 18.397 18.3608 18.3343 18.3247 18.315 18.2813 18.2379 18.1921 18.1438 18.1125 18.0956 18.0739 18.045 18.0136 17.9823 17.9485 17.9124 17.8738 17.8328 17.7942 17.746 17.7243 17.7147 17.7026 17.6882
