propagation/SWALS/examples/merewether/topography/topography1.asc
ncols         321
nrows         416
xllcorner     382249.79174463
yllcorner     6354265.4322858
cellsize      0.99993681000029
NODATA_value  -9999
[rows 180 to 209 of 416, columns 0 to 66 of 321]
38.6946 38.5693 38.4439 38.3113 38.1546 37.981 37.8074 37.6338 37.4578 37.265 37.06 36.8551 36.6502 36.4525 36.2741 36.1101 35.9438 35.7798 35.6207 35.4809 35.3555 35.2277 35.1024 34.9746 34.8468 34.7166 34.5864 34.4562 34.326 34.1934 34.056 33.9186 33.7812 33.6389 33.4894 33.3351 33.1808 33.0241 32.8674 32.7035 32.5347 32.3684 32.1996 32.0308 31.8596 31.6861 31.5125 31.3413 31.1653 30.9869 30.8061 30.6252 30.4444 30.2612 30.0659 29.8706 29.6729 29.4752 29.2775 29.0847 28.8894 28.6965 28.5036 28.3252 28.1854 28.0745 27.9636
38.914 38.7887 38.6633 38.5283 38.3716 38.2028 38.0316 37.8605 37.6845 37.4892 37.2818 37.0721 36.8623 36.6574 36.4718 36.2958 36.1198 35.9438 35.775 35.6279 35.4977 35.3676 35.235 35.1024 34.9722 34.8444 34.7166 34.5888 34.4586 34.326 34.1886 34.0512 33.9138 33.7715 33.622 33.4653 33.311 33.1543 32.9952 32.8288 32.6601 32.4913 32.3225 32.1538 31.9802 31.8042 31.6282 31.4522 31.2738 31.0906 30.9025 30.712 30.524 30.3335 30.1334 29.9261 29.7211 29.5138 29.3113 29.1112 28.9135 28.7158 28.5181 28.3349 28.1926 28.0793 27.966
39.1358 39.0081 38.8803 38.7453 38.591 38.4246 38.2534 38.0871 37.9135 37.7134 37.5012 37.2891 37.0745 36.8647 36.6695 36.4838 36.2982 36.1101 35.9317 35.7774 35.64 35.505 35.3676 35.2301 35.0999 34.9746 34.8468 34.719 34.5912 34.4586 34.3212 34.1838 34.0464 33.9041 33.7546 33.5979 33.4388 33.2797 33.1206 32.9542 32.7854 32.6143 32.4455 32.2743 32.0983 31.9199 31.7415 31.5631 31.3823 31.1894 30.9941 30.7988 30.6035 30.4034 30.1961 29.9839 29.7694 29.5548 29.3426 29.1377 28.9376 28.7351 28.5326 28.3445 28.1974 28.0841 27.9684
39.3552 39.2275 39.0973 38.9598 38.8055 38.6392 38.4728 38.3065 38.1329 37.9328 37.7182 37.5012 37.2842 37.0721 36.8696 36.6743 36.479 36.2837 36.0957 35.9341 35.7919 35.6496 35.505 35.3651 35.2301 35.1048 34.977 34.8516 34.7238 34.5888 34.4514 34.3116 34.1741 34.0319 33.88 33.7209 33.5618 33.4026 33.2411 33.0748 32.9036 32.73 32.5588 32.3852 32.2068 32.0236 31.8404 31.6571 31.4715 31.2762 31.0737 30.8736 30.6711 30.4685 30.2564 30.037 29.8152 29.5958 29.3788 29.1666 28.9617 28.7568 28.5494 28.3566 28.2047 28.0889 27.9732
39.5578 39.4227 39.2926 39.1551 38.9984 38.8321 38.6657 38.4969 38.3258 38.1281 37.9159 37.7013 37.4868 37.2746 37.0721 36.872 36.6743 36.4742 36.2813 36.1149 35.9631 35.8112 35.6593 35.5098 35.37 35.2398 35.1096 34.9794 34.8492 34.7142 34.5744 34.4345 34.2971 34.1549 34.003 33.8414 33.6823 33.5208 33.3568 33.1881 33.0121 32.8361 32.6601 32.4841 32.3008 32.1128 31.9247 31.7367 31.5462 31.3461 31.1436 30.9363 30.7313 30.524 30.307 30.0852 29.861 29.6392 29.4174 29.2028 28.9906 28.7809 28.5663 28.3686 28.2143 28.0962 27.978
39.741 39.606 39.471 39.3311 39.1744 39.0057 38.8369 38.6705 38.4994 38.3065 38.0991 37.8918 37.6821 37.4771 37.2746 37.0769 36.8768 36.6767 36.4814 36.3054 36.1439 35.9823 35.8184 35.6593 35.5146 35.3796 35.2446 35.1096 34.9722 34.8347 34.6973 34.5575 34.4176 34.2778 34.1235 33.962 33.8004 33.6389 33.475 33.3014 33.123 32.9422 32.7613 32.5805 32.3925 32.1996 32.0067 31.8138 31.621 31.4184 31.2087 30.9989 30.7916 30.5794 30.3576 30.1334 29.9092 29.6826 29.4559 29.2365 29.0196 28.8026 28.5856 28.3807 28.224 28.1034 27.9804
39.9266 39.7868 39.6494 39.5071 39.3504 39.1817 39.0129 38.8441 38.6729 38.4849 38.2848 38.0823 37.8822 37.6796 37.4795 37.2794 37.0793 36.8768 36.6815 36.4959 36.3247 36.1511 35.9799 35.8088 35.6569 35.517 35.3772 35.2374 35.0975 34.9577 34.8179 34.678 34.5406 34.3984 34.2441 34.0801 33.9186 33.7571 33.5907 33.4147 33.2315 33.0482 32.8626 32.6794 32.4865 32.2888 32.0911 31.8934 31.6933 31.4884 31.2738 31.064 30.8519 30.6349 30.4131 30.1816 29.9526 29.7236 29.4945 29.2703 29.0485 28.8267 28.6049 28.3927 28.2312 28.1082 27.9853
40.1123 39.97 39.8278 39.6831 39.524 39.3552 39.1865 39.0177 38.8465 38.6633 38.468 38.2703 38.0774 37.8822 37.6821 37.4819 37.2794 37.0793 36.8792 36.6887 36.5055 36.3223 36.1391 35.9582 35.7991 35.6545 35.5098 35.3651 35.2205 35.0782 34.9408 34.801 34.6612 34.5189 34.3646 34.2007 34.0391 33.8752 33.7064 33.5304 33.3424 33.1543 32.9663 32.7758 32.5781 32.378 32.1755 31.973 31.768 31.5583 31.3437 31.1267 30.9121 30.6928 30.4685 30.2347 30.0008 29.767 29.5331 29.3041 29.0798 28.8508 28.6242 28.4072 28.2408 28.1179 27.9925
40.2955 40.1509 40.0062 39.8567 39.7 39.5312 39.3625 39.1937 39.0225 38.8417 38.6512 38.4632 38.2751 38.0847 37.8894 37.6869 37.4868 37.2842 37.0841 36.8913 36.6984 36.5055 36.3151 36.1246 35.9558 35.8063 35.6569 35.505 35.3555 35.2084 35.0662 34.9264 34.7841 34.6419 34.4852 34.3188 34.1549 33.9909 33.8221 33.6413 33.4509 33.258 33.0651 32.8722 32.6721 32.4648 32.2599 32.0501 31.8452 31.6306 31.4112 31.1942 30.9772 30.7578 30.5288 30.2925 30.0587 29.8224 29.5861 29.3523 29.1184 28.887 28.6531 28.4265 28.2553 28.1275 27.9997
40.4836 40.3365 40.187 40.0375 39.876 39.7097 39.5409 39.3745 39.2058 39.0274 38.8417 38.6585 38.4753 38.2896 38.0967 37.899 37.6989 37.4988 37.2987 37.1034 36.9057 36.708 36.5127 36.3175 36.1415 35.9823 35.8232 35.6641 35.5026 35.3507 35.2036 35.0565 34.9095 34.76 34.6009 34.4345 34.2682 34.1018 33.9306 33.7498 33.5545 33.3592 33.1664 32.9711 32.7686 32.5564 32.3442 32.1345 31.9223 31.7053 31.4859 31.2666 31.0472 30.8254 30.5939 30.3576 30.1214 29.8851 29.6488 29.4077 29.1666 28.9255 28.6844 28.4506 28.2722 28.1396 28.007
40.6692 40.5197 40.3678 40.2159 40.0568 39.8905 39.7265 39.5578 39.3914 39.2178 39.037 38.8586 38.6778 38.4994 38.3089 38.1112 37.9135 37.7182 37.5205 37.3204 37.1203 36.9202 36.7225 36.5224 36.3392 36.168 35.9968 35.828 35.6569 35.4953 35.3434 35.1891 35.0348 34.8805 34.719 34.5502 34.3815 34.2127 34.0415 33.8559 33.6606 33.4629 33.2676 33.0699 32.8602 32.648 32.4334 32.2165 32.0019 31.7825 31.5607 31.3389 31.1147 30.8904 30.659 30.4227 30.184 29.9478 29.7091 29.4632 29.2148 28.9641 28.7158 28.4723 28.289 28.154 28.0166
40.8573 40.7054 40.5511 40.3968 40.2376 40.0737 39.9098 39.7434 39.577 39.4083 39.2323 39.0587 38.8827 38.7043 38.5186 38.3234 38.1305 37.9376 37.7399 37.5422 37.3373 37.1348 36.9298 36.7297 36.5369 36.356 36.1728 35.992 35.8112 35.64 35.4809 35.3217 35.1626 35.0011 34.8347 34.666 34.4948 34.3236 34.15 33.962 33.7643 33.5666 33.3665 33.1664 32.9566 32.7372 32.5178 32.3008 32.079 31.8572 31.633 31.4112 31.1846 30.9604 30.7265 30.4878 30.2491 30.008 29.7694 29.521 29.2631 29.0051 28.7471 28.4964 28.3059 28.1661 28.0287
41.0453 40.8886 40.7343 40.5776 40.4185 40.2545 40.093 39.929 39.7675 39.5987 39.4276 39.2564 39.0852 38.914 38.7308 38.5379 38.3451 38.1546 37.9617 37.7616 37.5567 37.3469 37.1396 36.9347 36.737 36.5441 36.3512 36.1559 35.9655 35.7846 35.6207 35.4568 35.288 35.1216 34.9529 34.7793 34.6081 34.4345 34.2585 34.0705 33.8704 33.6703 33.4677 33.2652 33.0506 32.8288 32.6046 32.3804 32.1586 31.932 31.7078 31.4811 31.2545 31.0279 30.794 30.5529 30.3142 30.0707 29.8296 29.5765 29.3113 29.0461 28.7809 28.5205 28.3228 28.1806 28.0383
41.2334 41.0767 40.9199 40.7608 40.5993 40.4378 40.2762 40.1123 39.9532 39.7868 39.618 39.4493 39.2805 39.1117 38.9309 38.7405 38.55 38.3619 38.1691 37.969 37.7616 37.5519 37.3445 37.1372 36.9323 36.7297 36.5296 36.3247 36.1246 35.9389 35.7654 35.5966 35.4254 35.2518 35.0782 34.9022 34.7262 34.5502 34.3743 34.1814 33.9764 33.7715 33.5666 33.3617 33.1447 32.918 32.6866 32.46 32.2309 32.0043 31.7753 31.5486 31.3196 31.093 30.8591 30.618 30.3793 30.1382 29.8971 29.6392 29.3643 29.0895 28.8146 28.547 28.3397 28.1926 28.0455
41.4262 41.2671 41.1032 40.9416 40.7777 40.6186 40.457 40.2931 40.1316 39.9652 39.7964 39.6277 39.4565 39.2853 39.1069 38.9165 38.7284 38.5379 38.3475 38.1498 37.9448 37.7399 37.535 37.3325 37.1251 36.9178 36.708 36.5007 36.2934 36.1029 35.9245 35.7485 35.5725 35.3965 35.2157 35.0348 34.8516 34.6732 34.49 34.2947 34.0849 33.8752 33.6654 33.4557 33.2339 33 32.7662 32.5323 32.3008 32.0694 31.8404 31.6137 31.3823 31.1532 30.9218 30.6807 30.4444 30.2057 29.9646 29.7043 29.4198 29.1377 28.8532 28.5735 28.359 28.2071 28.0552
41.6239 41.4576 41.2912 41.1249 40.9609 40.797 40.633 40.4691 40.3076 40.1388 39.9652 39.7916 39.618 39.4469 39.2636 39.0756 38.8875 38.6995 38.5114 38.3161 38.116 37.9183 37.7206 37.5229 37.318 37.1034 36.8913 36.6791 36.4645 36.2692 36.086 35.9052 35.7244 35.5411 35.3555 35.1699 34.9818 34.7962 34.6057 34.4056 34.191 33.9764 33.7643 33.5497 33.3231 33.0844 32.8457 32.607 32.3708 32.1345 31.9055 31.674 31.445 31.2159 30.9821 30.7458 30.5095 30.2708 30.0346 29.767 29.4752 29.1835 28.8894 28.6025 28.3783 28.2215 28.0648
41.8216 41.6505 41.4793 41.3081 41.1417 40.9754 40.8114 40.6475 40.4836 40.3124 40.1364 39.9604 39.782 39.606 39.4227 39.2371 39.0491 38.861 38.6729 38.4825 38.2896 38.0967 37.9063 37.7134 37.5109 37.2915 37.0721 36.8551 36.6381 36.4356 36.25 36.0643 35.8763 35.6882 35.4977 35.3049 35.112 34.9191 34.7262 34.5189 34.2995 34.0825 33.8631 33.6437 33.4123 33.1688 32.9253 32.6818 32.4383 32.1996 31.9705 31.7391 31.5101 31.2762 31.0423 30.8085 30.5746 30.3383 30.1021 29.832 29.5331 29.2293 28.9279 28.629 28.3975 28.236 28.0745
42.0193 41.8457 41.6697 41.4913 41.3202 41.1538 40.9899 40.8259 40.6596 40.486 40.3052 40.1267 39.9459 39.7675 39.5819 39.3962 39.2082 39.0225 38.8345 38.6488 38.4632 38.2776 38.0919 37.9039 37.7013 37.4795 37.2553 37.0335 36.8093 36.602 36.4115 36.2186 36.0282 35.8353 35.6376 35.4399 35.2422 35.0421 34.842 34.6298 34.408 34.1862 33.962 33.7378 33.5015 33.2532 33.0072 32.7589 32.5106 32.2695 32.0356 31.8042 31.5727 31.3389 31.1074 30.8712 30.6397 30.4059 30.172 29.8996 29.591 29.2799 28.9689 28.6579 28.4217 28.2553 28.0865
42.2146 42.0338 41.853 41.6722 41.4986 41.3298 41.1634 40.9971 40.8283 40.6547 40.4691 40.2835 40.0978 39.917 39.7289 39.5409 39.3577 39.1696 38.984 38.7983 38.6175 38.4367 38.2534 38.0726 37.8677 37.6435 37.4193 37.195 36.9708 36.7587 36.5658 36.3681 36.1728 35.9751 35.775 35.5725 35.3676 35.1626 34.9577 34.7407 34.5165 34.2875 34.0584 33.8294 33.5883 33.3351 33.082 32.8288 32.5757 32.3298 32.0935 31.8596 31.6258 31.3895 31.1532 30.9218 30.6903 30.4565 30.225 29.9502 29.6344 29.3161 28.9979 28.682 28.4409 28.2674 28.0986
42.4099 42.2218 42.0362 41.8506 41.6697 41.4962 41.325 41.1538 40.9826 40.8018 40.6138 40.4233 40.2352 40.0472 39.8567 39.6687 39.4806 39.295 39.1069 38.9213 38.7429 38.562 38.3812 38.2028 38.0003 37.7809 37.5591 37.3373 37.1155 36.9057 36.7104 36.5103 36.3126 36.1149 35.9124 35.7051 35.4953 35.2856 35.0782 34.8564 34.625 34.3911 34.1597 33.9258 33.6799 33.4219 33.164 32.9036 32.6456 32.3949 32.1538 31.9151 31.6788 31.4401 31.2039 30.97 30.7386 30.5047 30.2757 29.9984 29.6802 29.3595 29.0389 28.7182 28.4675 28.289 28.1155
42.5955 42.4051 42.2098 42.0169 41.8313 41.6553 41.4745 41.2985 41.1176 40.9344 40.7415 40.5487 40.3534 40.1605 39.97 39.7796 39.5915 39.4011 39.213 39.0298 38.8514 38.6705 38.4921 38.3137 38.116 37.899 37.6845 37.4675 37.2529 37.0456 36.8479 36.6478 36.4501 36.2524 36.0474 35.8353 35.6231 35.4085 35.194 34.9698 34.7335 34.4948 34.2585 34.0198 33.7691 33.5063 33.2411 32.9759 32.7107 32.4576 32.2141 31.9705 31.7319 31.4884 31.2497 31.0158 30.7868 30.5529 30.3215 30.0442 29.7211 29.3981 29.075 28.7495 28.494 28.3107 28.1299
42.7836 42.5859 42.3858 42.1857 41.9952 41.8096 41.6263 41.4407 41.2575 41.067 40.8693 40.6716 40.4739 40.2762 40.0809 39.8905 39.7024 39.5095 39.3191 39.1358 38.9574 38.779 38.6006 38.4222 38.2293 38.022 37.8098 37.6001 37.3903 37.1854 36.9877 36.7876 36.5899 36.3898 36.1825 35.9655 35.7485 35.5291 35.3121 35.0831 34.8396 34.5985 34.3574 34.1139 33.8583 33.5907 33.3207 33.0482 32.7782 32.5202 32.2743 32.0284 31.7825 31.5366 31.2955 31.064 30.8326 30.6011 30.3697 30.0924 29.767 29.4391 29.1112 28.7809 28.5205 28.3324 28.1468
42.9716 42.7667 42.5618 42.3569 42.1592 41.9663 41.7782 41.5854 41.3949 41.1996 40.9971 40.7946 40.5945 40.3919 40.1942 40.0014 39.8109 39.618 39.4252 39.2419 39.0635 38.8875 38.7115 38.5331 38.3451 38.1401 37.9352 37.7303 37.5278 37.3252 37.1251 36.925 36.7273 36.5272 36.3151 36.0957 35.8739 35.652 35.4278 35.1964 34.9481 34.7021 34.4562 34.2079 33.9475 33.6751 33.3978 33.123 32.8457 32.5829 32.3322 32.0815 31.8331 31.5848 31.3437 31.1098 30.8784 30.6469 30.4155 30.1382 29.8103 29.4801 29.1473 28.8146 28.5494 28.3541 28.1637
43.1597 42.9475 42.7378 42.5256 42.3207 42.123 41.9277 41.73 41.5323 41.3322 41.1273 40.9199 40.715 40.5101 40.3076 40.1147 39.9218 39.7265 39.5337 39.3456 39.1696 38.9936 38.8152 38.6392 38.4536 38.2559 38.0557 37.8556 37.6579 37.4578 37.2577 37.0576 36.8575 36.6574 36.4452 36.221 35.9944 35.7702 35.5436 35.3073 35.0565 34.8058 34.5527 34.2995 34.0367 33.7546 33.475 33.1929 32.9132 32.6456 32.3901 32.1369 31.8838 31.6306 31.3871 31.1508 30.9194 30.6879 30.4541 30.1768 29.8489 29.5186 29.1859 28.8532 28.5832 28.3807 28.1878
43.3502 43.1332 42.9138 42.6944 42.4822 42.2797 42.0772 41.8771 41.6746 41.4672 41.2575 41.0477 40.838 40.6282 40.4257 40.228 40.0303 39.835 39.6373 39.4493 39.2709 39.0949 38.9165 38.738 38.5524 38.3595 38.1642 37.9714 37.7761 37.5808 37.3783 37.1782 36.9781 36.7755 36.5658 36.3392 36.1101 35.8835 35.6545 35.4134 35.1602 34.9022 34.6443 34.3863 34.1139 33.8318 33.5473 33.2628 32.9783 32.7059 32.4455 32.1899 31.932 31.674 31.4281 31.1894 30.9555 30.7217 30.4878 30.2106 29.8851 29.5548 29.2245 28.8918 28.6193 28.412 28.1203
43.5454 43.3188 43.0898 42.8632 42.6438 42.434 42.2291 42.0217 41.8144 41.6046 41.3901 41.1779 40.9657 40.7512 40.5438 40.3437 40.1412 39.9435 39.741 39.5505 39.3697 39.1937 39.0129 38.8345 38.6488 38.4608 38.2727 38.0823 37.8942 37.6989 37.4988 37.2987 37.0962 36.8937 36.6815 36.4525 36.2234 35.9944 35.7654 35.5219 35.2615 34.9987 34.7335 34.4707 34.1958 33.9089 33.622 33.3327 33.0434 32.7662 32.5034 32.2406 31.9802 31.7174 31.4691 31.228 30.9917 30.7554 30.5192 30.2443 29.9213 29.591 29.2607 28.9328 28.6555 28.4433 27.7394
43.7407 43.5045 43.2682 43.0319 42.8053 42.5907 42.381 42.1688 41.9542 41.7397 41.5251 41.3081 41.0911 40.8741 40.662 40.457 40.2521 40.0496 39.8471 39.6518 39.471 39.2901 39.1093 38.9309 38.7477 38.562 38.3788 38.1932 38.0099 37.8171 37.617 37.4169 37.2143 37.0118 36.7972 36.5682 36.3392 36.1077 35.8763 35.6303 35.3651 35.0951 34.8251 34.5575 34.2754 33.9861 33.6944 33.4026 33.1085 32.8288 32.5612 32.2936 32.0284 31.7632 31.5101 31.269 31.0303 30.7916 30.5529 30.2781 29.9574 29.6271 29.2992 28.9713 28.6941 28.4747 27.3488
43.9336 43.6901 43.4466 43.2007 42.9668 42.7474 42.5304 42.3135 42.0941 41.8771 41.6577 41.4383 41.2189 40.9971 40.7825 40.5728 40.3654 40.1581 39.9507 39.7555 39.5698 39.389 39.2058 39.0249 38.8441 38.6633 38.4849 38.3041 38.1257 37.9352 37.7351 37.5326 37.3325 37.1324 36.9178 36.6863 36.4525 36.221 35.9896 35.7388 35.4688 35.194 34.9167 34.6419 34.3574 34.0632 33.7667 33.4701 33.1736 32.8891 32.6167 32.3491 32.0766 31.8066 31.551 31.3075 31.0664 30.8254 30.5867 30.3118 29.9912 29.6633 29.3378 29.0123 28.7327 28.4337 27.3849
44.1313 43.8782 43.625 43.3719 43.1284 42.9041 42.6823 42.4581 42.2363 42.0145 41.7927 41.5685 41.3467 41.1249 40.9055 40.6933 40.4811 40.2714 40.0616 39.8615 39.6759 39.4927 39.3094 39.1262 38.9454 38.767 38.5886 38.4126 38.2342 38.0461 37.846 37.6411 37.4385 37.236 37.019 36.7876 36.5513 36.3175 36.0836 35.8305 35.5556 35.2759 34.9963 34.7142 34.4273 34.1307 33.8318 33.5352 33.2339 32.947 32.6721 32.3997 32.1273 31.8548 31.5944 31.3485 31.105 30.8615 30.618 30.3432 30.0249 29.7019 29.3788 29.0533 28.7712 28.1323 27.3512
44.329 44.0662 43.8058 43.5406 43.2923 43.0609 42.8342 42.6052 42.3786 42.1543 41.9301 41.7083 41.4841 41.2599 41.0405 40.8259 40.6113 40.3992 40.187 39.9845 39.794 39.6084 39.4227 39.2395 39.0539 38.8755 38.6971 38.5186 38.3402 38.1498 37.9448 37.7375 37.5278 37.3204 37.101 36.8672 36.6309 36.3922 36.1559 35.9004 35.6231 35.3434 35.0614 34.7769 34.4876 34.191 33.8921 33.5907 33.2942 33.0024 32.7252 32.4503 32.1779 31.9006 31.6402 31.3919 31.1436 30.8977 30.6518 30.3769 30.0611 29.7404 29.4198 29.0967 28.8146 27.802 27.2909
