propagation/SWALS/examples/merewether/topography/topography1.asc
ncols         321
nrows         416
xllcorner     382249.79174463
yllcorner     6354265.4322858
cellsize      0.99993681000029
NODATA_value  -9999
[rows 120 to 149 of 416, columns 0 to 66 of 321]
39.9628 39.8109 39.6614 39.5192 39.3794 39.2395 39.1021 38.9647 38.8393 38.7163 38.5934 38.4728 38.3426 38.198 38.0485 37.8966 37.7471 37.5904 37.4169 37.2384 37.06 36.8816 36.7225 36.602 36.5031 36.4043 36.3078 36.2283 36.1849 36.1632 36.1415 36.1174 36.1029 36.1005 36.1029 36.1053 36.1077 36.1101 36.1174 36.1222 36.1294 36.1342 36.1366 36.1366 36.1342 36.1342 36.1318 36.1294 36.1246 36.1222 36.1198 36.1174 36.1149 36.1101 36.1077 36.1077 36.1029 36.0981 36.086 36.0715 36.0571 36.0426 35.9944 35.8763 35.7196 35.5628 35.4061
39.7675 39.6132 39.4613 39.3143 39.1696 39.0249 38.8827 38.7405 38.6103 38.4849 38.3595 38.2342 38.104 37.9617 37.8147 37.6652 37.5181 37.3686 37.2071 37.0432 36.8768 36.7129 36.5682 36.4645 36.385 36.303 36.2258 36.1608 36.127 36.1101 36.0932 36.0788 36.0667 36.0643 36.0667 36.0691 36.0715 36.074 36.0788 36.0812 36.086 36.0908 36.0932 36.0932 36.0908 36.0884 36.086 36.0836 36.0812 36.0788 36.074 36.0715 36.0691 36.0667 36.0643 36.0619 36.0595 36.0547 36.0402 36.0209 35.9992 35.9799 35.9245 35.7846 35.6014 35.4158 35.2301
39.5698 39.4155 39.2612 39.1093 38.9598 38.8104 38.6609 38.5162 38.3836 38.2534 38.1257 37.9955 37.8629 37.723 37.5784 37.4361 37.2915 37.1444 36.9949 36.8455 36.6936 36.5441 36.4139 36.3271 36.2644 36.2017 36.1415 36.0908 36.0667 36.0571 36.0474 36.0378 36.0306 36.0282 36.0306 36.033 36.033 36.0354 36.0378 36.0402 36.045 36.0474 36.0499 36.0474 36.0474 36.0426 36.0402 36.0402 36.0354 36.033 36.0306 36.0306 36.0282 36.0257 36.0233 36.0209 36.0209 36.0113 35.992 35.9655 35.9389 35.9124 35.8449 35.6858 35.4736 35.2591 35.0421
39.3745 39.2178 39.0611 38.9068 38.7525 38.5982 38.4463 38.2968 38.1594 38.0292 37.8966 37.764 37.6314 37.494 37.3542 37.2143 37.0745 36.9371 36.8021 36.667 36.5344 36.4018 36.2861 36.2138 36.168 36.1222 36.0788 36.0402 36.0233 36.0209 36.0161 36.0113 36.0065 36.0065 36.0089 36.0089 36.0113 36.0137 36.0137 36.0161 36.0185 36.0209 36.0233 36.0209 36.0209 36.0185 36.0161 36.0161 36.0137 36.0113 36.0113 36.0113 36.0065 36.004 35.9992 35.9944 35.9896 35.9775 35.9486 35.9052 35.8642 35.8208 35.7364 35.5508 35.3097 35.0638 34.8179
39.1792 39.0225 38.8634 38.7091 38.5548 38.3981 38.2438 38.0943 37.9545 37.8195 37.6845 37.5519 37.4169 37.2867 37.1565 37.0263 36.8937 36.7683 36.6478 36.532 36.4187 36.3078 36.209 36.1511 36.1174 36.0836 36.0499 36.0233 36.0113 36.0089 36.0065 36.004 36.0016 36.0016 36.004 36.004 36.0065 36.0089 36.0089 36.0113 36.0137 36.0161 36.0161 36.0161 36.0137 36.0137 36.0137 36.0113 36.0113 36.0113 36.0089 36.0065 36.004 35.9968 35.9896 35.9799 35.9703 35.951 35.9052 35.8401 35.7774 35.7123 35.6062 35.3941 35.1216 34.8468 34.5719
38.984 38.8272 38.6705 38.5138 38.3595 38.2052 38.0509 37.9014 37.7592 37.6242 37.4892 37.3518 37.2192 37.0938 36.9732 36.8527 36.7321 36.6164 36.5152 36.4211 36.3295 36.2355 36.1583 36.1125 36.086 36.0619 36.0378 36.0185 36.0089 36.0065 36.004 36.0016 36.0016 36.0016 36.0016 36.004 36.004 36.0065 36.0065 36.0089 36.0089 36.0113 36.0113 36.0113 36.0113 36.0113 36.0089 36.0089 36.0089 36.0065 36.0065 36.004 36.0016 35.992 35.9799 35.9655 35.9534 35.9269 35.8642 35.7774 35.6906 35.6038 35.476 35.2398 34.936 34.6298 34.3236
38.7887 38.632 38.4753 38.321 38.1667 38.0148 37.8605 37.7086 37.5663 37.4289 37.2915 37.1516 37.019 36.9009 36.79 36.6815 36.5706 36.4694 36.3826 36.3102 36.2379 36.1656 36.1053 36.0715 36.0547 36.0402 36.0257 36.0113 36.0065 36.004 36.0016 36.0016 35.9992 35.9992 36.0016 36.0016 36.0016 36.004 36.004 36.004 36.0065 36.0065 36.0065 36.0065 36.0065 36.0065 36.0065 36.0065 36.004 36.004 36.004 36.0016 35.9968 35.9872 35.9703 35.951 35.9341 35.9004 35.8232 35.7147 35.6062 35.4953 35.3459 35.0855 34.7504 34.4152 34.0777
38.5934 38.4391 38.2824 38.1281 37.9762 37.8219 37.6676 37.5157 37.371 37.2336 37.0938 36.954 36.8213 36.7056 36.6068 36.5079 36.4067 36.3175 36.25 36.1969 36.1439 36.0932 36.0523 36.0306 36.0233 36.0161 36.0089 36.0065 36.004 36.0016 36.0016 35.9992 35.9992 35.9992 35.9992 35.9992 36.0016 36.0016 36.0016 36.0016 36.0016 36.0016 36.0016 36.0016 36.0016 36.0016 36.0016 36.0016 36.0016 35.9992 35.9968 35.9944 35.9896 35.9751 35.951 35.9293 35.9052 35.8642 35.7678 35.6376 35.505 35.37 35.1988 34.9119 34.5478 34.1838 33.8197
38.3981 38.2462 38.0919 37.9376 37.7857 37.6338 37.4795 37.3276 37.1854 37.0456 36.9057 36.7659 36.6333 36.5272 36.438 36.3488 36.2596 36.18 36.127 36.0932 36.0571 36.0233 35.9968 35.9848 35.9848 35.9823 35.9823 35.9823 35.9823 35.9823 35.9823 35.9799 35.9799 35.9823 35.9799 35.9799 35.9799 35.9799 35.9799 35.9799 35.9775 35.9775 35.9775 35.9751 35.9727 35.9703 35.9703 35.9679 35.9631 35.9582 35.951 35.9462 35.9365 35.9148 35.8835 35.8497 35.8184 35.7678 35.6545 35.4953 35.3362 35.1771 34.9818 34.6732 34.2923 33.9114 33.528
38.2197 38.0678 37.9159 37.764 37.6145 37.4627 37.3132 37.1637 37.0239 36.8889 36.7538 36.6188 36.4911 36.3922 36.3126 36.2307 36.1535 36.0812 36.0354 36.0113 35.9848 35.9582 35.9389 35.9317 35.9317 35.9341 35.9341 35.9365 35.9365 35.9365 35.9365 35.9365 35.9365 35.9365 35.9365 35.9365 35.9365 35.9365 35.9341 35.9341 35.9341 35.9317 35.9317 35.9293 35.9221 35.9172 35.9124 35.9052 35.8956 35.8811 35.8714 35.8594 35.8425 35.8112 35.7702 35.7268 35.6858 35.6231 35.4881 35.3049 35.1192 34.9312 34.7142 34.3935 34.0006 33.6052 33.2122
38.0509 37.9039 37.7544 37.6049 37.4578 37.3084 37.1613 37.0166 36.8792 36.7514 36.6237 36.4959 36.3753 36.2837 36.2114 36.1391 36.0667 36.0016 35.9606 35.9389 35.9172 35.8956 35.8787 35.8714 35.8739 35.8763 35.8787 35.8811 35.8811 35.8835 35.8835 35.8859 35.8859 35.8883 35.8883 35.8883 35.8883 35.8907 35.8883 35.8883 35.8859 35.8859 35.8835 35.8787 35.869 35.8618 35.8522 35.8425 35.8256 35.8088 35.7895 35.7702 35.7461 35.7075 35.6569 35.6038 35.5532 35.4785 35.3242 35.112 34.8998 34.6877 34.4466 34.1115 33.7088 33.3014 32.8963
37.8822 37.7375 37.5928 37.4458 37.3011 37.1565 37.0094 36.8672 36.7394 36.6164 36.4935 36.3729 36.2596 36.1752 36.1101 36.045 35.9799 35.9221 35.8883 35.869 35.8497 35.8329 35.816 35.8112 35.816 35.8184 35.8232 35.8256 35.828 35.8305 35.8305 35.8353 35.8353 35.8377 35.8377 35.8401 35.8425 35.8449 35.8425 35.8425 35.8401 35.8401 35.8377 35.828 35.816 35.8063 35.7943 35.7798 35.7581 35.734 35.7075 35.6834 35.6545 35.6062 35.5436 35.4833 35.4206 35.3338 35.1602 34.9239 34.6853 34.4466 34.1838 33.8318 33.4147 33 32.5829
37.7134 37.5712 37.4289 37.2867 37.1444 37.0022 36.8575 36.7201 36.5947 36.479 36.3657 36.2524 36.1439 36.0643 36.0065 35.951 35.8931 35.8425 35.8136 35.7991 35.7846 35.7702 35.7557 35.7533 35.7581 35.7629 35.7678 35.7702 35.7726 35.7774 35.7774 35.7822 35.7846 35.7871 35.7895 35.7919 35.7943 35.7967 35.7943 35.7943 35.7943 35.7919 35.7895 35.7798 35.7654 35.7485 35.734 35.7171 35.6906 35.6593 35.6255 35.5942 35.5556 35.4977 35.4254 35.3531 35.2784 35.1795 34.9866 34.7238 34.4586 34.1934 33.9065 33.5425 33.1206 32.6987 32.2767
37.547 37.4072 37.2698 37.1299 36.9901 36.8503 36.7129 36.5754 36.4573 36.3512 36.2451 36.1366 36.0378 35.9655 35.9148 35.8642 35.8136 35.7702 35.7437 35.7316 35.7171 35.7051 35.693 35.6906 35.693 35.6954 35.7003 35.7051 35.7075 35.7099 35.7147 35.7171 35.7196 35.722 35.7244 35.7268 35.7292 35.7316 35.7292 35.7268 35.7268 35.7244 35.7196 35.7075 35.6882 35.6689 35.6496 35.6303 35.5966 35.558 35.5194 35.4785 35.4327 35.3627 35.2687 35.1771 35.0855 34.9698 34.7552 34.4707 34.1838 33.8969 33.5955 33.2291 32.8168 32.4021 31.9898
37.3903 37.2553 37.1203 36.9877 36.8551 36.7201 36.5851 36.4549 36.344 36.2475 36.1511 36.0523 35.9606 35.8931 35.8473 35.7991 35.7533 35.7099 35.6834 35.6665 35.652 35.6352 35.6231 35.6159 35.6183 35.6183 35.6207 35.6207 35.6231 35.6255 35.6303 35.6328 35.6376 35.6376 35.64 35.6424 35.6448 35.6448 35.6424 35.64 35.6376 35.6328 35.6255 35.6111 35.587 35.5653 35.5436 35.517 35.4809 35.4351 35.3868 35.341 35.2856 35.1964 35.0831 34.9649 34.8468 34.7094 34.4803 34.1766 33.8752 33.5714 33.2556 32.8988 32.5034 32.1104 31.7174
37.2433 37.1131 36.9829 36.8551 36.7273 36.602 36.4766 36.3536 36.25 36.1632 36.074 35.9872 35.9028 35.8401 35.7943 35.7485 35.7003 35.6569 35.6279 35.6086 35.5894 35.5677 35.5484 35.5387 35.5363 35.5363 35.5339 35.5315 35.5339 35.5363 35.5387 35.5436 35.5484 35.5484 35.5508 35.5532 35.5556 35.5556 35.5532 35.5484 35.5436 35.5363 35.5291 35.5122 35.4857 35.4616 35.4351 35.4061 35.3651 35.3121 35.2567 35.2012 35.1385 35.0324 34.895 34.7528 34.6105 34.4538 34.2055 33.8848 33.5666 33.2459 32.918 32.566 32.1899 31.8162 31.4426
37.0962 36.9684 36.843 36.7201 36.602 36.4814 36.3633 36.25 36.1559 36.0764 35.9992 35.9197 35.8449 35.7871 35.7413 35.6954 35.6496 35.6062 35.5725 35.5484 35.5243 35.4977 35.476 35.4616 35.4568 35.4519 35.4471 35.4423 35.4423 35.4447 35.4495 35.4543 35.4568 35.4592 35.4616 35.4616 35.464 35.4664 35.4616 35.4543 35.4495 35.4423 35.4327 35.4134 35.3844 35.3579 35.329 35.1867 35.1337 35.0662 35.0011 34.9336 34.8564 34.7238 34.543 34.3598 34.179 33.9861 33.7088 33.3665 33.0217 32.6794 32.3346 31.9971 31.6595 31.3244 30.9893
36.8213 36.7008 36.5827 36.4766 36.3729 36.2717 36.168 36.0691 35.9872 35.9269 35.8666 35.8063 35.7485 35.6954 35.652 35.6086 35.5677 35.5267 35.4905 35.4568 35.4278 35.3965 35.3676 35.3507 35.341 35.3338 35.3266 35.3193 35.3193 35.3242 35.329 35.3362 35.3434 35.3459 35.3507 35.3531 35.3555 35.3579 35.3555 35.3507 35.3434 35.3362 35.329 35.3073 35.2784 35.2494 35.2205 35.1867 35.1337 35.0638 34.9939 34.9239 34.842 34.707 34.5165 34.326 34.1356 33.933 33.651 33.3014 32.9494 32.5998 32.2478 31.9055 31.5727 31.24 30.9073
36.8069 36.6863 36.5658 36.4573 36.3536 36.2524 36.1487 36.0499 35.9679 35.9076 35.8497 35.7895 35.7316 35.6786 35.6352 35.5918 35.5484 35.505 35.4688 35.4327 35.4013 35.3676 35.3362 35.3145 35.3025 35.2904 35.2784 35.2687 35.2663 35.2687 35.2711 35.2759 35.2784 35.2808 35.2808 35.2832 35.2832 35.2832 35.2759 35.2663 35.2591 35.2494 35.2374 35.2133 35.1819 35.1482 35.1144 35.0782 35.018 34.936 34.854 34.7696 34.678 34.5213 34.3043 34.0898 33.8704 33.6437 33.3472 32.9928 32.6408 32.2864 31.9368 31.6089 31.3027 30.9965 30.6928
36.6743 36.561 36.4477 36.344 36.25 36.1559 36.0619 35.9703 35.8956 35.8425 35.7895 35.734 35.681 35.6352 35.5894 35.5484 35.505 35.4616 35.423 35.3868 35.3507 35.3145 35.2808 35.2542 35.2398 35.2229 35.2084 35.1916 35.1867 35.1867 35.1867 35.1891 35.1891 35.1891 35.1891 35.1891 35.1891 35.1867 35.1795 35.1699 35.1578 35.1457 35.1337 35.112 35.0782 35.0445 35.0083 34.9722 34.9022 34.8034 34.707 34.6081 34.4996 34.3188 34.0753 33.8294 33.5835 33.3327 33.0265 32.6794 32.3322 31.9826 31.6402 31.3316 31.0544 30.7795 30.5047
36.5561 36.4501 36.344 36.2475 36.1608 36.074 35.9896 35.9052 35.8377 35.7871 35.7364 35.6858 35.6376 35.5918 35.5484 35.505 35.4616 35.4206 35.382 35.3434 35.3049 35.2663 35.2301 35.2012 35.1819 35.1602 35.1409 35.1192 35.1096 35.1072 35.1048 35.1024 35.0999 35.0999 35.0975 35.0951 35.0951 35.0903 35.0831 35.071 35.0565 35.0445 35.03 35.0059 34.9722 34.9384 34.9022 34.8661 34.7889 34.6732 34.5599 34.4418 34.3188 34.1187 33.8438 33.5714 33.299 33.0193 32.7059 32.3635 32.0212 31.6788 31.3413 31.052 30.8061 30.5602 30.3166
36.4356 36.3368 36.2355 36.1487 36.0715 35.9944 35.9172 35.8401 35.7798 35.7316 35.6858 35.6376 35.5918 35.5484 35.505 35.464 35.4206 35.3796 35.341 35.3 35.2591 35.2205 35.1819 35.1482 35.1241 35.0999 35.0734 35.0493 35.0348 35.03 35.0252 35.018 35.0131 35.0107 35.0059 35.0035 35.0011 34.9963 34.9866 34.9722 34.9577 34.9408 34.9264 34.9022 34.8685 34.8323 34.801 34.7648 34.6756 34.5454 34.4128 34.2802 34.1404 33.9186 33.6172 33.3158 33.0121 32.7083 32.3852 32.0501 31.7102 31.375 31.0423 30.7723 30.5553 30.3408 30.1286
36.3175 36.2234 36.1294 36.0474 35.9799 35.9124 35.8425 35.775 35.7196 35.6762 35.6328 35.5894 35.5484 35.505 35.4616 35.4206 35.3796 35.3386 35.2976 35.2542 35.2133 35.1723 35.1313 35.0951 35.0662 35.0373 35.0059 34.977 34.9601 34.9505 34.9432 34.9336 34.9239 34.9191 34.9143 34.9119 34.9071 34.8998 34.8878 34.8733 34.8564 34.8396 34.8227 34.7962 34.7648 34.7287 34.6949 34.6587 34.5623 34.4128 34.2633 34.1115 33.9547 33.7112 33.3834 33.0555 32.7252 32.3949 32.0646 31.7367 31.4064 31.0785 30.7554 30.5023 30.3142 30.1262 29.9405
36.1993 36.1149 36.0257 35.951 35.8907 35.8329 35.7726 35.7123 35.6617 35.6207 35.5797 35.5411 35.5002 35.4592 35.4182 35.3772 35.3362 35.2952 35.2542 35.2108 35.1699 35.1289 35.0831 35.0469 35.0131 34.9794 34.9456 34.9143 34.8902 34.8781 34.8661 34.854 34.8444 34.8347 34.8275 34.8203 34.8155 34.8082 34.7938 34.7745 34.7528 34.7335 34.7118 34.6804 34.6395 34.5961 34.5527 34.5093 34.3984 34.2296 34.0584 33.8824 33.704 33.4436 33.1013 32.7613 32.419 32.0766 31.7487 31.4377 31.1243 30.8133 30.5047 30.2684 30.1021 29.9333 29.767
36.1053 36.0233 35.9414 35.8739 35.8184 35.7629 35.7075 35.652 35.6038 35.5653 35.5267 35.4881 35.4495 35.411 35.37 35.329 35.2904 35.2494 35.2108 35.1674 35.1241 35.0831 35.0397 35.0011 34.9673 34.9312 34.895 34.8613 34.8347 34.8203 34.8034 34.7865 34.7696 34.7552 34.7479 34.7383 34.7287 34.719 34.6997 34.6732 34.6467 34.6202 34.5912 34.5502 34.4948 34.4369 34.3791 34.3188 34.191 33.9933 33.7956 33.5979 33.3954 33.123 32.7806 32.4383 32.0959 31.7536 31.4377 31.146 30.8591 30.5698 30.2805 30.0611 29.9068 29.7549 29.6006
36.0306 35.9534 35.8763 35.8088 35.7557 35.7027 35.6472 35.5942 35.5484 35.5098 35.4712 35.4351 35.3941 35.3579 35.3193 35.2808 35.2422 35.2036 35.1626 35.1216 35.0807 35.0397 34.9963 34.9601 34.9239 34.8854 34.8468 34.8106 34.7817 34.7624 34.7407 34.7214 34.6997 34.6828 34.6708 34.6563 34.6419 34.6298 34.6057 34.5719 34.5406 34.5044 34.4707 34.4201 34.3477 34.2754 34.2031 34.1307 33.9789 33.7595 33.5352 33.311 33.0868 32.8023 32.4576 32.1152 31.7729 31.4281 31.1243 30.8567 30.5891 30.3239 30.0587 29.8537 29.7139 29.5741 29.4318
35.9558 35.8835 35.8088 35.7461 35.6954 35.6424 35.5894 35.5387 35.4929 35.4568 35.4158 35.3796 35.341 35.3025 35.2687 35.2301 35.194 35.1554 35.1168 35.0758 35.0348 34.9963 34.9553 34.9167 34.8805 34.8396 34.801 34.7648 34.7311 34.7045 34.6804 34.6563 34.6298 34.6081 34.5912 34.5744 34.5575 34.5406 34.5141 34.4731 34.4321 34.3911 34.3526 34.2899 34.2031 34.1139 34.0271 33.9403 33.7715 33.5256 33.2773 33.0265 32.7758 32.4793 32.1369 31.7945 31.4522 31.1074 30.8133 30.5674 30.3215 30.078 29.8369 29.6488 29.521 29.3933 29.2655
35.8787 35.8112 35.7437 35.6834 35.6328 35.5821 35.5315 35.4809 35.4375 35.3989 35.3627 35.3242 35.288 35.2518 35.2157 35.1795 35.1433 35.1072 35.071 35.0324 34.9939 34.9529 34.9143 34.8757 34.8347 34.7938 34.7552 34.7142 34.6804 34.6491 34.6202 34.5888 34.5599 34.5334 34.5141 34.4924 34.4731 34.4514 34.4201 34.3743 34.326 34.2802 34.232 34.1597 34.0584 33.9547 33.8511 33.7498 33.5618 33.2917 33.0145 32.7396 32.4672 32.1586 31.8162 31.4739 31.134 30.7916 30.5095 30.2853 30.0611 29.8393 29.6175 29.4487 29.333 29.2173 29.1015
35.8063 35.7413 35.6786 35.6207 35.5725 35.5219 35.4736 35.4254 35.382 35.3434 35.3073 35.2687 35.2325 35.1988 35.1626 35.1289 35.0951 35.0614 35.0228 34.9842 34.9481 34.9095 34.8685 34.8299 34.7889 34.7479 34.707 34.666 34.6298 34.5961 34.5623 34.5285 34.4972 34.4635 34.4321 34.3984 34.367 34.3333 34.285 34.2224 34.1621 34.097 34.0319 33.9403 33.8221 33.7016 33.5811 33.4653 33.2628 32.9856 32.6987 32.4166 32.1345 31.8283 31.5004 31.1725 30.8446 30.5192 30.2491 30.0418 29.8369 29.6319 29.427 29.2703 29.1618 29.0557 28.9521
35.7557 35.6906 35.6279 35.5701 35.5194 35.4688 35.4182 35.37 35.3242 35.288 35.2518 35.2133 35.1771 35.1409 35.1072 35.0758 35.0421 35.0083 34.9746 34.936 34.8974 34.8588 34.8227 34.7817 34.7431 34.7021 34.6612 34.6202 34.5816 34.5478 34.5117 34.4779 34.4418 34.3984 34.3477 34.2899 34.2344 34.1766 34.1042 34.015 33.9258 33.8342 33.7402 33.6269 33.4918 33.3568 33.2194 33.0844 32.8819 32.6094 32.3322 32.0549 31.7801 31.4884 31.187 30.8832 30.5794 30.2781 30.0273 29.8272 29.6368 29.4463 29.2558 29.1064 29.0027 28.9062 28.8098
